30.949946,17.22729,25.468961,43.904145,1.526102,4.302406,56.031624,115.195036,28.647301,60.459279,115.586748,39.862572,67.104009,120.810521,40.832063,0.000000
30.308186,17.088424,25.665224,44.662197,2.136387,4.414351,56.692134,113.586653,28.558849,60.4657,114.753739,39.516711,66.781696,121.05702,41.44792,0.000000
30.830791,17.223173,24.093266,42.939134,1.639843,4.916518,56.146813,114.135959,29.674659,60.363879,115.180168,40.839198,66.917674,119.496176,40.529392,0.000000
31.345865,17.068219,24.83282,44.516821,1.680391,4.433292,56.831461,114.242631,29.285945,60.815865,115.029053,39.427895,67.367121,119.619843,39.59974,0.000000
31.823531,17.62368,24.419535,45.055375,2.873487,3.784218,56.276325,115.40537,27.60754,60.588808,115.881327,37.913492,68.286809,119.247067,40.43274,0.000000
33.1974,16.937395,24.510233,44.990141,3.734286,3.525703,56.911977,112.853033,28.596358,60.997187,113.847456,39.194688,67.951364,118.586759,40.904249,0.000000
32.077866,17.498473,24.303029,44.882687,3.688172,3.366704,57.17955,110.963299,28.716587,60.950755,112.265481,39.290046,67.425879,117.521649,42.62028,0.000000
32.065057,16.845189,25.395348,43.359231,2.263903,4.202683,56.825438,113.240978,28.403397,61.238215,113.485048,40.08186,68.089147,118.544896,41.021912,0.000000
30.676879,17.847756,24.66965,42.895553,1.033699,4.261366,55.382767,115.553951,29.40412,59.814655,116.020157,39.734699,66.531404,120.422649,40.181978,0.000000
31.886378,15.737881,23.899719,44.137669,1.711368,4.424281,56.819406,113.89838,27.735921,61.376333,114.087576,39.314702,68.517999,118.535273,40.244105,0.000000
31.878327,16.267142,24.636757,43.549493,1.563042,4.090682,56.673371,112.891,28.50332,61.286948,113.746845,40.915335,68.867437,118.438137,42.073239,0.000000
31.106831,16.911468,25.350788,43.802523,0.995855,4.420342,56.534729,114.386597,29.63374,61.549666,114.624636,41.808326,68.223392,119.533746,42.053414,0.000000
31.454608,17.26296,24.321425,43.505121,1.970826,4.770389,56.693274,113.845902,29.111584,60.76891,114.99717,40.519412,67.885321,119.813783,41.13735,0.000000
30.328683,17.646524,24.893094,43.206238,1.130436,4.650207,56.589767,114.69588,29.250211,61.041854,115.151778,40.724599,67.30524,120.611333,42.545055,0.000000
31.403955,16.78157,24.924741,43.820298,1.712955,4.864751,57.281997,112.800698,29.641706,61.690976,114.218153,41.086283,68.302064,120.344912,41.592387,0.000000
29.873041,17.655822,25.358024,42.601348,0.755912,4.573308,55.692378,115.406919,28.194277,59.697879,116.826927,39.389282,66.985218,120.898343,40.95757,0.000000
31.289494,17.623668,24.795076,44.499194,1.605013,4.451615,58.180919,114.071851,29.441263,62.506515,115.343718,41.180691,69.022017,122.419972,41.757483,0.000000
31.853588,15.698643,24.010585,44.469573,2.553455,4.125155,56.929836,112.96405,29.563087,61.278153,113.46927,41.378624,68.496637,118.985033,42.523442,0.000000
31.151392,17.19,25.81687,43.922896,1.364981,4.16033,56.354458,113.499006,30.154485,60.611805,114.334302,41.341362,67.390051,119.179095,42.233145,0.000000
30.939517,17.682465,25.069452,43.221986,2.902777,4.85185,56.401421,114.2577,28.994831,61.140214,115.0608,41.327853,68.227917,121.069557,42.45943,0.000000
30.479121,16.719314,25.705729,42.239371,0.247595,4.412875,54.933496,116.19124,29.153982,60.282875,115.331854,39.875651,67.313705,120.00866,41.185287,0.000000
30.394106,17.346829,25.031611,43.660274,0.575821,4.497795,56.01037,115.934059,30.623326,61.211303,115.660427,40.766963,67.609003,120.050955,41.318347,0.000000
29.757159,17.054853,26.443342,44.621673,1.2544,4.557165,57.109888,114.398396,30.235727,60.995338,115.403881,40.764894,67.129046,121.661239,41.69188,0.000000
30.869757,17.743415,25.78969,42.874587,1.287474,4.231235,55.544901,117.180318,28.148393,60.106234,118.534867,39.256754,67.089578,124.230304,39.814233,0.000000
30.003877,18.063144,24.21297,42.153398,0.428679,4.744004,55.639869,115.205441,29.77614,60.449363,115.868393,40.325642,67.687451,120.760474,42.028289,0.000000
30.751282,17.427827,26.290563,42.864453,1.735704,4.250152,55.3081,116.15811,29.876987,60.432946,116.202307,40.644553,66.862885,122.395185,41.353608,0.000000
30.374098,16.517233,26.974789,43.349155,0.840344,4.097715,55.032596,115.497763,29.399507,59.889163,114.628476,40.006792,66.02472,119.096765,41.646756,0.000000
30.201027,18.02374,25.438742,43.723507,1.169359,4.539199,56.252283,114.624967,29.625194,60.81662,115.224305,41.482782,68.340205,118.394364,42.411518,0.000000
30.675167,17.292322,26.250102,44.323076,1.580901,4.210588,56.845229,114.065208,28.883361,60.695795,115.285724,39.874474,66.314771,122.278717,41.313409,0.000000
30.190402,17.789552,27.114535,43.72857,0.743889,4.187593,56.515618,115.233922,28.811309,61.038123,115.527628,40.480081,66.983086,121.770062,42.299277,0.000000
29.810656,17.887541,25.688279,42.685881,1.049303,4.492478,55.917718,114.160365,28.662318,60.099863,115.774665,39.627349,66.624342,121.221067,41.868529,0.000000
30.4944,11.502418,22.038838,46.696176,1.825625,5.783181,59.455478,117.08062,23.561217,64.349534,117.401372,39.811123,71.631011,120.553268,40.567895,0.000000
31.585291,12.264079,21.152841,46.761469,0.439838,5.57447,59.778033,116.615837,24.60046,63.648384,118.90717,39.744597,71.961364,121.27585,37.755979,0.000000
31.048253,13.006109,22.050856,46.598067,0.968707,4.845792,58.997291,116.790025,23.8883,63.504993,117.154288,38.771787,71.200675,120.210689,38.204828,0.000000
29.71049,13.262252,21.358829,45.90838,1.11959,5.175281,58.940642,117.653203,24.06769,63.208561,118.448947,39.187276,70.702529,122.154308,38.253379,0.000000
31.066653,11.880224,22.296448,46.253365,1.445752,5.853506,59.838424,116.985335,24.306812,64.23209,118.58883,39.530069,72.00273,121.73215,39.175833,0.000000
30.29463,12.993637,20.646921,46.799649,0.281705,5.150762,59.151544,117.440112,24.375802,63.79352,117.052664,37.983851,71.406376,119.677658,38.983663,0.000000
30.031116,12.528392,21.343905,46.687502,1.387543,4.353168,60.113671,116.501488,23.834075,63.734337,117.654815,37.749894,70.84908,121.417036,37.921135,0.000000
31.035212,13.201254,21.80083,46.828751,0.471936,5.019415,60.630469,115.870721,24.745671,65.287321,116.386858,39.745429,72.286457,121.337723,40.449717,0.000000
31.067072,11.572546,21.553619,46.603427,0.717795,5.161251,59.698684,116.560502,24.382908,64.023839,117.215612,39.563384,71.55832,121.35077,39.006765,0.000000
30.965363,12.816284,20.982051,46.660544,1.172715,4.416731,59.469944,117.189273,23.957337,63.750449,117.726506,37.69088,70.760819,121.486746,37.613562,0.000000
30.282094,12.81497,23.009751,46.345074,0.559642,5.085469,59.546752,115.199585,24.773897,63.662822,116.065479,40.235819,71.479737,119.525356,40.154213,0.000000
31.862738,12.375217,22.101138,47.37458,0.310421,5.608567,60.334358,116.434304,24.446299,64.396126,117.844891,39.73291,72.143784,122.205978,38.601519,0.000000
30.669672,13.209065,22.657105,46.359918,1.230938,3.949359,60.40355,116.419199,23.629035,64.386835,116.802616,39.034056,71.302772,121.929855,38.438663,0.000000
31.251509,11.743239,21.390304,46.99534,0.870142,5.661143,60.651151,117.375904,24.574128,64.522627,118.702356,39.813638,71.293208,123.581737,39.305963,0.000000
30.874025,12.877065,21.600785,46.157995,0.86315,4.118149,60.307684,116.355292,23.658408,64.069735,117.163557,38.533167,70.66091,122.591896,37.093916,0.000000
31.459472,12.35666,21.707388,46.388027,2.048844,5.033527,60.765497,117.480619,23.350299,64.760713,119.259036,39.96929,72.106063,123.596373,39.596207,0.000000
31.353986,12.099987,22.651741,46.725827,1.177669,5.12528,60.261988,116.983302,24.212782,64.485336,117.571981,40.222618,72.049432,121.108079,40.101647,0.000000
31.180213,12.595743,21.204076,47.689893,0.480128,5.080686,61.059424,116.584539,25.28835,65.080815,118.135542,40.501312,72.66091,121.367162,39.838853,0.000000
31.398315,12.323858,23.338708,47.859502,1.62415,3.586084,59.770315,116.788471,23.989775,63.34616,117.125998,38.23605,69.697372,121.659981,36.467632,0.000000
35.545013,4.011441,16.1591,54.599584,10.45316,9.185341,96.534203,72.641002,71.817843,98.648035,75.593726,81.637599,103.018627,71.44921,56.949372,1.000000
34.573808,4.493027,15.784165,53.38261,10.986144,7.965484,94.024574,75.867175,65.349442,95.660377,77.529245,78.067181,102.208439,72.113248,55.917012,1.000000
35.913936,4.277001,15.516804,53.279221,10.120907,7.642903,93.143651,77.64726,61.556104,95.881156,76.909262,77.561507,103.92595,70.103881,54.516365,1.000000
35.552533,4.44981,14.690127,53.820669,9.03787,8.93382,95.375403,76.378855,68.403664,97.860757,77.619965,79.487749,102.531846,73.178514,55.199242,1.000000
34.271377,5.116407,14.939738,52.271004,9.756118,8.514654,94.631066,76.700204,64.837622,97.544002,77.89328,78.68349,102.770323,73.529985,55.836074,1.000000
34.973004,4.988317,14.601711,53.48303,8.009957,8.809934,95.287366,77.884524,64.788359,97.701144,78.922273,77.558651,101.476686,75.646237,55.58957,1.000000
34.081865,5.086503,14.644203,53.188278,9.478,7.874543,94.479735,74.679255,64.94893,96.580261,78.450808,79.922435,101.59075,74.678659,56.30791,1.000000
34.310167,4.678469,14.793722,54.155401,8.243971,9.731453,94.265715,76.527177,64.113128,96.749365,77.644631,77.648914,101.622495,74.100419,55.41028,1.000000
34.406131,4.732579,14.782849,52.997698,10.275392,7.62513,92.99509,78.682951,60.339802,95.340583,82.024696,76.400831,102.245477,76.853565,54.844132,1.000000
35.202952,4.884958,14.861003,53.613911,9.261595,8.838392,93.338085,78.738289,61.952597,94.879509,81.78004,76.136717,100.230113,77.315287,54.753098,1.000000
34.74277,4.410288,15.11917,54.152417,9.881818,8.741484,94.550785,75.394094,62.478872,96.643586,78.469099,78.063826,103.172423,73.066706,57.446087,1.000000
34.319624,4.394739,15.275599,53.012168,10.348004,9.367131,93.928369,76.224328,66.097503,96.020597,80.344909,78.192289,101.25886,73.862701,57.927446,1.000000
34.770243,4.952708,14.605528,52.548503,9.818224,9.90483,94.08069,77.100505,64.922722,95.270473,80.997444,76.902134,100.137354,75.670445,55.513089,1.000000
34.891792,4.919178,14.324322,53.015841,9.683876,9.719126,92.894749,79.870346,61.088116,93.548394,83.446892,75.061139,98.44755,79.62219,53.03732,1.000000
33.867044,5.102634,14.270747,53.292597,8.963018,9.009292,91.96661,79.24665,61.921148,94.113117,81.008934,76.765661,98.884442,78.438956,54.87804,1.000000
35.411965,4.741194,14.700558,53.026615,9.57978,9.027459,93.13211,78.389824,61.562451,96.196326,79.462479,77.428929,102.799074,73.591775,56.695558,1.000000
35.037189,4.869736,15.222446,54.246129,8.880216,9.882391,94.964885,77.26914,65.67473,98.511448,78.356701,79.467042,103.554383,75.025968,56.845663,1.000000
34.2628,5.196772,14.342302,53.149876,7.76231,9.918275,94.295167,77.453666,64.597861,96.54006,79.556515,78.316915,99.481256,78.690785,55.788245,1.000000
33.872342,4.733748,14.604302,52.99586,8.750808,9.94288,95.29947,76.174296,65.756889,97.124241,79.067207,78.346931,99.679026,76.86635,56.048648,1.000000
35.514452,5.730899,15.430863,54.267554,9.131131,9.638046,95.604217,77.539291,65.218356,97.436605,80.32663,78.660481,102.219549,76.981877,57.11801,1.000000
34.410938,5.215417,14.123809,53.642125,9.706011,8.820847,94.219454,77.993787,62.858851,95.579359,82.172105,76.768057,99.886791,79.272408,54.421981,1.000000
34.291492,5.007813,14.172069,53.126917,9.816046,9.359814,94.822832,76.92575,63.316117,96.158048,81.403083,76.893149,100.639866,76.87232,55.656589,1.000000
34.033131,4.884342,14.18586,52.590795,9.433149,7.990179,93.354121,78.197949,60.428031,95.466946,81.184635,76.122665,100.8411,77.642999,53.66543,1.000000
34.219062,5.04324,15.385073,54.083121,9.001896,9.578126,95.218593,75.031323,65.979284,96.353835,79.462704,78.174047,99.676171,78.332672,55.009202,1.000000
33.791238,4.889175,15.250321,53.978493,9.298708,9.375032,94.743323,75.291228,66.25272,96.107757,80.96134,78.060363,98.971023,78.694867,55.536925,1.000000
33.94159,5.035849,15.30772,53.388577,9.211326,8.321337,93.47139,77.656779,64.047793,95.387335,81.198647,76.87957,99.766949,77.596382,54.199478,1.000000
33.537744,4.540977,14.982013,55.096347,8.915718,9.116928,95.30051,74.640471,66.156317,97.168242,78.84736,79.655194,101.176476,76.988006,56.757041,1.000000
34.955458,4.661295,14.554598,52.55449,10.189881,7.519306,95.797103,74.427392,66.42429,99.115057,77.034364,80.054801,104.537298,71.639067,55.824467,1.000000
35.450188,4.018601,15.007419,53.735104,9.82115,9.208133,99.065399,71.913971,73.660558,101.857471,77.609695,82.198919,105.171796,74.168228,57.346947,1.000000
35.304139,4.364058,14.454749,52.956668,10.061129,8.167583,97.087781,72.965854,69.54609,99.700899,78.315176,79.467868,103.533657,74.507811,54.89066,1.000000
35.361262,4.670271,14.660232,53.789469,9.614636,8.030187,96.830118,74.157687,66.985603,99.884207,78.663196,80.790193,104.151984,74.683969,57.707625,1.000000
34.661368,4.625261,15.172417,52.803635,9.881002,8.882171,98.583984,72.676608,71.575591,100.582694,81.538831,79.500735,102.027001,79.165232,55.661778,1.000000
35.252321,4.129454,15.038641,52.925706,11.002744,9.242455,98.535684,72.616111,72.181832,100.700527,78.916318,80.196657,103.625538,74.359331,56.747666,1.000000
34.296043,4.279144,14.492979,52.540136,11.213417,8.418743,97.32124,71.964817,72.118857,100.602392,78.230159,80.422999,105.01526,72.292329,56.80424,1.000000
34.911632,4.069275,15.254706,53.018658,10.731394,9.195738,97.892751,72.437214,72.226355,99.983785,78.698788,80.549153,104.071811,73.669196,57.618844,1.000000
34.945125,4.016368,15.068022,52.443274,10.779333,9.120483,98.738026,72.716604,74.249323,101.117606,81.189583,79.063272,104.237521,73.537711,56.758952,1.000000
34.495664,4.0705,15.014022,54.159951,10.481058,9.09917,98.620254,72.771836,70.795778,100.900923,78.261469,79.768098,106.893517,72.250164,56.596755,1.000000
33.851242,4.71309,15.003685,53.63342,10.937748,8.251167,96.58008,71.80632,68.519388,99.074402,77.130354,80.36775,104.322215,73.115114,56.04891,1.000000
34.205966,4.428567,14.912146,53.405123,9.975786,8.917562,99.347782,72.028306,74.046918,102.548579,79.904254,81.601455,104.803035,74.935703,58.384913,1.000000
35.514108,5.101168,15.283915,52.820419,10.705407,9.235605,97.011773,72.559131,72.273291,98.604113,80.35523,79.590777,102.116896,74.582198,57.486767,1.000000
34.945427,3.838821,14.538842,52.720344,10.986635,8.109625,97.654991,71.65354,68.809044,100.905268,76.099857,80.365976,107.996797,70.812294,55.72443,1.000000
35.391148,4.300562,14.677346,53.472122,10.179868,7.908372,98.313886,72.171189,71.034016,101.365007,78.042377,80.628969,105.043515,74.986471,56.149513,1.000000
35.070246,4.952402,15.460638,52.601462,11.570612,8.063487,96.437752,73.364122,69.756022,98.100911,79.377073,78.612054,103.340802,74.030667,55.434732,1.000000
35.540586,3.788557,15.672291,52.805527,10.294306,8.863655,99.008932,72.265543,73.493701,101.904438,79.766036,80.2954,104.891093,75.155492,56.670048,1.000000
34.970094,3.784442,15.162366,53.85844,10.865126,8.16356,98.075165,70.679951,73.674398,100.671896,76.351276,80.522699,105.06946,71.812995,55.815968,1.000000
35.010949,4.731507,15.070019,52.543334,11.499475,8.279917,98.042598,72.090154,72.650522,102.547272,77.014905,81.013877,106.89526,70.961094,57.240806,1.000000
34.991298,4.286948,15.127016,52.740062,10.804996,8.422737,96.331478,72.520685,71.127161,99.429137,76.726428,79.911186,103.524931,73.959494,55.660778,1.000000
35.62008,4.317593,15.364139,53.768998,10.918603,7.624048,98.110504,72.151361,69.564271,100.981542,77.63969,79.200095,107.636191,72.198665,54.785743,1.000000
35.409512,4.575901,15.326516,53.532626,11.184945,7.981119,97.867873,70.871977,70.908657,100.342187,75.668645,80.273396,105.997594,70.339512,56.989399,1.000000
35.154983,4.255113,15.286795,53.154993,11.05462,9.093661,97.730716,72.209831,72.934893,101.022491,77.976024,80.800482,105.812776,72.756515,57.283315,1.000000
34.922713,4.473045,15.129275,52.369247,11.503373,7.687543,95.352991,73.537854,68.363815,98.788465,78.076463,77.996235,105.112841,72.92907,54.179539,1.000000
35.175921,4.011477,15.637552,53.459029,9.87952,8.212941,97.631657,72.285631,74.249571,101.6533,78.31142,81.609123,104.521659,75.132928,56.996749,1.000000
35.007852,4.57263,15.860411,52.976933,11.355992,7.627203,97.786977,71.012158,73.538074,101.028263,76.698418,80.317587,105.45399,71.69859,55.694609,1.000000
34.847142,4.060878,15.041896,51.987403,11.692559,7.820434,98.028068,71.171596,73.856329,103.946284,75.858064,80.828718,108.467282,68.137132,58.219835,1.000000
35.149396,3.960039,16.064128,53.001846,10.522028,9.380216,98.396951,71.251499,74.603644,100.418569,78.730575,79.931759,102.890255,75.405491,55.891361,1.000000
35.702911,4.250722,15.592516,53.022058,12.262456,7.943824,99.117304,68.832083,74.24358,102.464022,74.406865,80.242341,107.663782,68.080095,55.591916,1.000000
34.183111,4.531397,15.401365,52.873992,10.935406,7.743269,97.805046,71.863214,71.740686,101.69528,77.612966,79.457452,107.334879,71.01891,55.799816,1.000000
36.638027,4.48948,16.046649,54.012132,10.689399,9.326867,98.539261,71.515002,74.020858,101.295379,77.514697,80.453887,105.262624,73.475768,56.700359,1.000000
34.78469,4.686778,15.607484,54.227729,10.465261,8.698136,99.668553,69.964276,73.698065,104.866131,75.838721,81.852133,108.963637,70.275709,57.833354,1.000000
36.59749,5.014179,16.179251,52.495739,11.942937,7.178058,97.231705,72.527367,69.214586,99.56037,77.716803,77.017171,106.1859,70.046604,53.453353,1.000000
35.870883,4.24803,15.73625,53.1731,10.925672,8.33864,97.785384,72.56698,73.206817,100.040478,78.720083,78.706025,104.162692,73.891642,54.632365,1.000000
35.109685,4.168161,15.367887,52.902965,11.208841,7.744547,96.994581,71.822929,72.712321,100.387574,77.74077,79.485269,106.236768,70.457214,56.846542,1.000000
36.149166,4.199757,15.689915,52.562001,11.870861,8.121317,96.796576,71.257367,71.832298,100.60052,75.723886,79.637195,106.612027,69.966675,55.523676,1.000000
34.896631,4.036518,15.299986,52.643068,10.587677,6.736746,95.133048,72.943981,68.496205,99.183055,75.964797,78.747282,105.71693,71.593257,54.350598,1.000000
35.947999,3.194751,16.908053,54.722083,11.066035,8.496248,98.600527,69.129668,75.332865,99.974106,75.179286,81.467385,104.637726,71.485202,57.468417,1.000000
33.918355,4.404047,15.396114,53.815541,11.313321,7.155585,95.743156,71.310545,70.688017,99.855271,76.104844,80.412528,105.654366,72.153823,56.788677,1.000000
58.184551,41.667249,16.898108,44.755453,20.479258,10.975679,57.788634,20.291872,17.931837,80.279969,85.521345,35.384517,88.676958,77.834765,44.078322,2.000000
54.85677,40.623502,18.840596,43.328839,22.260331,9.011763,57.749048,23.656159,15.89305,81.003029,82.242057,38.349763,90.500113,73.58215,43.126272,2.000000
53.640014,41.271982,19.756808,44.011454,22.371671,9.950799,59.484661,21.975536,17.435775,81.842134,82.475363,38.455625,90.219672,75.098817,44.909366,2.000000
56.658222,41.455465,16.306175,43.677422,19.565591,8.987505,56.524062,20.161806,17.300979,81.792036,84.703885,37.365391,91.32104,74.956288,41.910677,2.000000
56.505549,42.75645,17.537536,43.571654,20.097291,11.133815,57.773167,19.270463,18.467676,80.447843,87.153413,35.479861,88.074414,80.771656,42.559446,2.000000
54.428787,41.6587,17.856915,43.96689,19.717671,9.029794,59.072621,19.368073,17.996211,82.289883,85.135044,39.055532,90.05692,77.532429,45.913674,2.000000
55.171338,40.949752,18.367071,43.424503,21.288726,9.38938,58.919958,21.240026,16.366341,82.41746,86.114118,35.735074,90.011645,79.214492,42.714596,2.000000
55.712855,40.73031,18.544056,43.825522,20.519833,10.123837,58.674034,21.068229,17.491571,81.455368,84.672774,35.746685,90.200173,77.380684,42.987942,2.000000
57.098683,40.906473,18.782442,44.965971,21.13911,10.35016,59.478155,20.975516,18.409309,82.28518,85.70749,35.252643,89.789053,79.301462,43.496495,2.000000
55.126048,40.07819,20.579034,44.587765,21.785435,8.517148,59.270836,22.562584,17.592574,82.144682,81.163451,39.045332,91.835521,72.163753,45.369873,2.000000
57.594598,42.288934,18.083835,44.964169,20.867091,9.234116,59.367112,19.488632,17.697072,84.170015,84.029505,38.404886,92.538774,75.503425,44.297825,2.000000
55.978001,41.101276,18.648222,44.945044,23.108882,9.406016,59.843384,23.701582,14.701982,83.181082,83.128367,36.263866,92.145995,74.544006,42.347659,2.000000
55.419946,39.985662,19.696544,45.781139,23.938238,8.770225,60.307375,26.215972,15.390573,84.108485,81.269236,38.112243,92.63095,73.016868,44.320854,2.000000
55.042818,40.412412,18.624892,44.282714,24.354727,9.266774,59.49258,23.034842,15.876901,83.303314,83.437558,36.620688,91.445259,75.367776,42.030365,2.000000
55.2568,40.337307,18.889287,44.890929,25.937509,9.554652,58.87552,24.76328,15.207641,83.082181,81.55608,38.076727,92.295799,72.995214,43.736034,2.000000
55.981202,40.477001,18.034618,44.631568,26.486958,10.180373,58.41415,25.32393,15.058497,83.307346,81.747398,36.392661,93.338713,71.51037,41.855336,2.000000
56.56569,42.406517,17.445974,43.609633,26.175373,8.983663,56.212909,25.344317,15.180835,80.710503,82.161862,36.376111,91.156283,71.798125,41.835688,2.000000
58.93291,41.695485,15.330751,42.895528,26.50484,10.212921,57.083239,23.627178,15.19425,83.49439,84.799919,33.839956,95.638507,73.05403,39.916177,2.000000
56.127233,39.794746,17.043632,44.722697,26.354478,10.192423,59.711325,27.405948,13.53551,84.035155,83.070949,34.566347,93.682109,73.511469,39.074039,2.000000
54.851989,38.414508,18.226934,44.845601,26.695516,9.079228,58.741295,27.075301,14.558292,84.100364,81.983729,36.538983,93.691724,72.094203,40.151418,2.000000
53.843882,39.468683,17.493235,45.730096,26.283853,9.587125,60.281827,27.373604,15.697212,83.982462,81.861328,38.043997,94.048352,72.611708,44.201976,2.000000
53.325525,39.674602,20.899764,46.419385,25.385585,9.997789,58.502708,26.090002,17.848943,83.97703,81.654643,39.682443,91.738463,72.160762,43.063306,2.000000
54.098312,40.316512,20.043956,44.984671,26.497861,10.665008,59.256159,27.223024,16.479897,83.884513,82.486443,38.35613,92.75088,72.962246,42.58148,2.000000
53.92618,40.019407,20.215149,44.573602,25.431821,10.644956,59.054745,26.114577,16.719558,83.822706,83.13619,38.377969,92.741541,73.857699,43.006772,2.000000
53.762587,39.902249,19.756583,44.085982,25.617724,10.407969,58.743512,25.347936,16.945206,83.654765,81.712948,39.932551,93.760603,70.576167,43.322762,2.000000
55.779939,40.887601,18.787267,44.741752,26.168889,10.775824,58.977188,25.872581,17.182154,83.901972,81.955916,38.961872,94.120375,71.107236,43.14159,2.000000
55.89318,41.364025,18.712684,44.426914,25.953694,10.694586,59.470027,26.212797,16.361508,83.486177,81.919258,38.63144,93.607464,71.552199,43.595524,2.000000
54.840429,41.298045,18.935684,43.530523,26.029063,9.585681,56.919932,26.312697,16.598361,82.753417,82.904214,36.8451,93.654201,71.555698,40.842309,2.000000
54.615793,40.558643,19.328289,43.870958,27.453065,10.609491,58.929644,27.257517,15.664275,82.329018,81.97729,37.526054,92.256454,71.998888,44.157905,2.000000
54.897102,41.701715,19.492162,43.14747,23.855905,11.168361,56.874729,23.208779,17.5084,81.283072,83.142727,39.055642,92.328601,71.785551,44.590958,2.000000
56.893806,40.310303,19.193586,44.420662,27.596267,11.793291,61.046511,25.858614,16.150691,84.689987,81.79477,37.812494,95.001297,72.101279,44.976442,2.000000
55.522034,39.698919,19.528245,43.452105,22.565887,9.23454,58.223497,24.157537,16.79098,82.348782,85.08526,39.359688,91.005381,77.331753,44.174972,2.000000
56.787191,41.629693,18.891566,42.535459,26.714214,10.74584,58.462628,26.080464,16.260944,83.906536,83.671324,35.797698,95.158039,73.408968,42.975765,2.000000
54.143911,41.072261,20.194838,42.82254,25.709242,10.918981,57.586322,26.385982,16.448622,81.559434,82.286652,37.109288,92.281991,71.994938,43.567489,2.000000
56.837934,41.624195,19.899102,42.739193,26.754267,12.240837,58.547627,26.769277,17.725152,83.433743,82.143176,37.936502,93.660969,72.562532,45.108419,2.000000
55.264959,42.580416,19.201996,42.950013,25.856004,11.956854,58.095759,25.198134,17.833606,82.349427,83.171329,37.586364,93.237386,72.51302,44.335154,2.000000
56.41263,41.124399,19.865811,43.188683,25.088407,10.959006,58.804256,24.673268,17.562326,83.70398,82.775022,38.187284,93.998791,72.995519,43.898276,2.000000
55.890475,41.460399,20.194519,41.922301,24.414653,11.481287,57.307403,23.326083,18.418665,82.787031,82.636838,38.271066,93.476091,72.498067,43.874564,2.000000
57.20857,41.545768,19.132026,42.670041,25.654185,11.783769,58.669902,24.199637,18.484711,83.964912,82.987095,38.700805,94.583547,72.99807,45.839606,2.000000
56.658066,41.784623,19.251063,42.580108,24.440635,11.369776,58.230283,23.481055,18.146278,82.574107,84.65628,37.424575,91.716737,75.524405,42.617962,2.000000
57.347226,40.894015,18.304459,42.633483,25.251862,11.224071,58.832682,26.031416,16.293524,83.863274,83.850707,36.533533,93.780736,75.532645,43.300159,2.000000
56.100122,40.935441,19.942048,42.385198,26.251544,11.183418,58.401577,25.740099,16.750872,82.873591,83.892949,36.405816,92.7653,75.317719,43.614485,2.000000
54.803577,41.188893,19.362623,43.496039,25.368313,10.805043,58.997085,25.629417,16.201461,83.191652,81.968229,39.131781,93.573875,72.074353,44.911146,2.000000
46.123007,49.486938,12.38352,38.63386,20.664302,5.830629,40.247033,27.67391,1.398674,46.139122,11.235866,4.707548,64.345581,62.123853,22.376944,3.000000
45.422328,50.602494,12.529829,39.155472,22.204454,5.98234,41.473698,27.95889,2.457852,47.538735,13.817765,6.014979,65.416845,62.795683,21.087896,3.000000
42.437129,49.645745,11.17711,38.263935,21.544684,3.8923,38.98973,26.167749,0.694999,44.469381,11.59523,6.590808,65.867293,66.030125,19.77651,3.000000
44.048116,48.567082,13.367099,40.441576,21.330896,5.965219,40.019509,27.540814,3.795347,43.94691,10.899858,2.956883,68.390081,63.981739,19.819872,3.000000
45.122015,48.492522,13.093938,39.281461,23.505685,5.912096,40.753547,29.634242,2.344697,47.096179,14.400615,4.772552,66.285324,62.431326,20.636788,3.000000
43.024846,50.300431,11.458581,38.545911,21.452333,4.741462,40.671942,27.101508,1.687525,46.181874,13.559772,6.891031,64.45342,63.395498,19.549583,3.000000
42.740878,50.525314,11.126305,39.780476,23.1382,5.957576,39.749504,28.16659,3.036686,44.217283,12.845002,3.6624,66.224549,64.710405,19.380736,3.000000
44.597836,50.644699,12.356687,40.930101,21.790312,5.273217,40.593679,27.681068,3.991612,44.657532,10.271187,3.713171,66.710725,64.860998,21.531396,3.000000
43.717817,48.69144,11.619133,39.83182,22.55233,4.160547,40.809741,28.477058,1.736476,45.254509,14.483564,4.624239,66.196706,64.322879,20.070717,3.000000
42.597425,47.657076,13.082256,39.989925,23.82448,5.789508,40.664432,28.659987,4.340257,45.908459,11.761022,3.796027,67.209028,63.105518,19.714123,3.000000
42.168205,47.241185,12.438439,39.785011,24.330862,6.922414,42.315287,29.932756,2.975724,47.058481,14.297674,3.92201,67.702192,63.775988,19.768595,3.000000
43.035413,44.86517,13.095813,41.111461,23.916515,4.974613,42.262994,30.689518,2.085803,47.548657,15.90179,5.127097,67.224867,62.406607,20.250318,3.000000
42.50517,45.548166,12.135051,39.698277,21.779231,3.178811,41.194507,29.018748,0.572134,46.319142,13.964083,6.369679,65.239581,60.945203,20.292137,3.000000
42.950434,47.792418,11.405539,40.641521,21.576325,4.322976,41.058568,29.307973,1.584876,45.810462,13.900113,4.830084,67.286453,64.250504,21.514927,3.000000
43.716613,43.70836,12.276408,41.47245,21.578153,6.00467,43.059873,29.839857,1.330822,48.366093,16.866371,3.837923,66.333863,60.140798,18.942448,3.000000
43.142625,45.435254,11.14331,41.035118,25.0562,6.30053,44.491786,32.009771,0.513154,49.140676,18.402624,4.986696,67.126816,60.745353,20.914553,3.000000
44.825243,45.926416,12.778823,41.522134,23.719251,6.070677,43.329942,30.538428,2.000874,48.441743,15.271009,4.477651,66.758842,54.99331,16.73013,3.000000
45.726426,44.817522,11.162949,39.731552,25.196838,6.01002,43.272832,31.175097,1.431217,49.542017,16.072612,4.488186,67.102697,56.861566,18.239227,3.000000
43.725154,43.86359,12.238314,40.080609,24.318567,5.892972,42.468775,30.980168,1.481413,48.348158,16.824816,2.987944,65.355807,55.820297,14.920983,3.000000
46.058841,45.146973,11.676602,39.464267,23.172345,6.133195,43.209719,31.097419,1.182141,49.719401,17.200922,4.331129,65.690714,57.440486,16.222506,3.000000
43.959133,45.38043,12.597079,40.417082,22.72454,5.165817,44.621816,30.119813,0.297804,50.521787,17.543833,5.790008,64.668305,55.549364,15.234578,3.000000
45.107948,43.601796,10.818142,40.182345,24.452145,4.839303,45.287146,31.842334,0.965699,50.934885,18.953724,5.829891,62.98837,55.731563,18.751325,3.000000
45.459668,43.128546,13.532364,41.136723,23.163434,6.749635,45.663414,31.748601,0.089119,50.575537,20.772635,3.735217,64.192077,53.522589,14.821027,3.000000
44.246442,42.347985,12.681078,41.160537,23.259469,4.076226,47.331184,30.941326,1.942189,52.427197,22.176353,6.332662,62.408537,53.918196,16.089306,3.000000
42.902702,43.070411,14.727959,41.821106,22.661367,3.532042,46.806236,30.119049,3.387941,51.723622,20.645473,7.286783,61.884822,51.977983,14.169327,3.000000
43.975929,38.553662,16.236497,41.211855,22.493359,4.853413,47.698851,31.713187,2.598191,52.409383,22.703452,6.862706,62.405901,51.307514,15.004457,3.000000
44.24319,42.399409,12.987575,40.598418,21.305531,4.87693,46.370435,29.986822,1.853114,51.676013,20.12815,6.4814,62.360611,52.038239,13.821661,3.000000
41.728527,41.813301,15.418199,40.645303,20.626805,3.466296,47.909934,27.331145,3.839257,53.074439,19.990381,7.349351,60.755297,51.376071,13.263966,3.000000
41.52592,41.954832,16.972296,40.422865,20.934207,3.6429,49.278879,26.487084,5.630257,54.487456,19.721541,9.165303,62.66124,52.101286,14.177929,3.000000
43.750146,40.061183,16.298285,41.319135,20.515558,5.177342,49.331147,28.061768,6.121935,54.826306,20.7465,7.940205,63.811506,48.364353,12.701125,3.000000
40.212429,43.952054,16.568318,40.599524,21.350604,3.605778,47.669507,26.20265,5.341271,52.070241,14.932226,9.965725,59.172872,53.087137,17.607163,3.000000
40.742907,42.895202,17.650192,40.921562,22.764026,3.285657,47.816163,28.276056,6.45334,51.991275,17.76516,9.201446,61.459196,50.234338,12.767998,3.000000
43.341962,41.190678,15.861201,41.093142,21.592765,2.308414,49.287078,28.004024,5.668163,54.757857,18.342344,9.685387,64.201111,52.474322,15.118626,3.000000
41.030703,41.47635,18.32392,40.449091,20.759306,3.891568,48.333103,26.462534,5.238192,53.610319,17.734099,7.926146,60.971412,49.407297,12.441739,3.000000
41.098873,41.041463,17.705659,41.268843,20.333762,3.497362,48.245338,26.029354,6.54116,52.541032,17.768027,9.306993,59.897391,47.637635,11.851886,3.000000
39.922369,43.016202,17.404537,41.799808,21.955929,3.824244,48.681651,26.262985,6.703386,52.57537,16.487417,11.124564,61.425531,50.497516,14.818596,3.000000
39.643384,43.608057,17.426706,40.888372,23.01264,1.855269,47.62372,28.849258,5.424986,51.75449,17.495412,7.031693,60.760952,49.556758,13.59098,3.000000
39.240361,42.822022,18.011694,41.785086,21.914049,3.956467,48.593768,25.493833,6.426272,51.863469,15.039774,10.167741,57.932434,51.351516,15.780428,3.000000
40.499987,40.12406,19.552682,41.461794,21.364422,3.443603,48.538482,28.167474,6.132905,52.787713,19.003971,8.044786,61.63756,45.568028,11.409028,3.000000
41.307597,40.120175,17.417602,42.442918,21.131064,3.09278,49.49391,27.396987,6.06242,52.797861,18.05587,7.229787,58.977687,46.957154,11.813963,3.000000
40.064514,42.895703,17.072482,41.857291,20.56011,5.056197,49.344566,24.286508,6.805222,53.073496,15.467627,10.243421,58.354218,49.5795,14.687155,3.000000
40.20617,41.421126,16.269185,42.514633,20.673199,4.137326,49.146154,25.988152,5.264864,51.914552,17.149056,8.763888,58.101369,49.560796,14.464964,3.000000
42.600274,38.561234,55.482786,23.656933,135.216773,27.853686,18.052882,141.858318,32.579594,37.721302,105.860598,48.92777,47.468772,88.068761,56.833825,4.000000
41.770256,37.647238,55.595866,23.789938,134.346888,27.641,17.954369,142.227514,31.282255,37.644509,106.063074,46.109605,46.736621,88.141896,52.097279,4.000000
41.877473,37.4307,53.599435,23.025886,132.456431,28.050728,16.450774,141.162987,30.97965,36.81119,105.097295,43.528852,43.575009,90.252837,45.933383,4.000000
43.273237,38.125767,56.355954,23.333389,134.674447,27.069744,16.242541,143.141201,30.397472,37.604957,105.182191,44.371776,47.803766,87.482741,48.243897,4.000000
43.132941,39.401014,54.57244,22.511335,136.655397,27.227644,16.125854,141.715564,30.043343,40.758862,101.75722,44.051936,51.487194,84.187674,49.394849,4.000000
41.809354,38.893884,54.291793,23.430628,136.182746,27.192991,16.498131,143.540497,29.276018,40.984027,102.242491,45.159317,52.567282,83.236635,50.224238,4.000000
41.899752,39.136902,54.94269,23.376892,138.371559,26.097798,15.921689,144.81079,28.277649,39.000812,104.469163,42.595956,51.231694,85.292146,47.501668,4.000000
41.305276,38.67525,55.42195,21.533608,139.374226,23.625572,14.063029,145.514883,26.063519,37.536919,104.712636,35.801317,43.871288,92.162628,34.873974,4.000000
40.331688,39.421337,55.641263,21.851491,141.69908,23.844033,14.750368,145.213868,26.736566,38.285719,104.540555,39.691614,51.625492,83.850246,42.102311,4.000000
40.772276,40.115449,56.669759,22.59034,141.736664,24.199541,15.300182,145.293023,27.201424,40.039675,103.551266,41.301269,55.396704,80.636171,45.486437,4.000000
36.702406,38.119219,57.776214,20.024381,148.637139,20.131539,13.898687,148.37122,24.1262,40.3397,104.593378,42.821123,45.507282,90.268621,39.709656,4.000000
38.309574,39.279777,56.608816,22.659865,145.637453,22.293383,15.879481,145.186684,26.417216,43.453249,101.884062,45.252954,55.189093,82.100957,45.844649,4.000000
38.31,37.777859,55.779697,22.133073,144.157081,22.253618,14.732636,146.10689,25.187712,42.083568,102.770079,42.516493,53.444593,82.719684,39.108357,4.000000
37.576709,36.809685,55.846965,21.612934,142.494146,23.936176,14.84615,144.274862,26.46357,41.22197,102.306501,45.476261,53.445579,82.101043,46.053939,4.000000
38.10483,35.925666,51.694906,21.796314,141.015474,24.117534,15.59632,144.478686,26.450266,41.297458,101.762816,43.432004,55.015551,80.945163,40.904686,4.000000
32.787639,35.858865,55.68357,19.524143,147.144088,18.803837,13.530217,145.480253,20.780135,42.101924,104.917665,33.480525,53.188439,87.870537,29.635238,4.000000
35.875487,36.280388,55.36773,21.674627,143.469155,21.703145,15.482443,144.168332,22.184816,43.799293,100.861858,39.206699,59.156026,80.218875,34.786406,4.000000
35.597203,36.252848,59.65379,22.122288,148.725112,22.277241,16.259218,147.609002,24.542158,42.993245,103.467429,48.03467,55.194919,80.783108,42.175265,4.000000
34.656051,37.688537,56.205718,22.858106,145.302064,22.915508,17.006845,145.520274,23.951384,41.844335,103.510532,43.905695,57.047851,80.413813,43.973398,4.000000
34.997724,36.276481,61.614319,23.28399,144.663187,25.717111,19.079449,143.646209,28.912575,45.259258,103.28054,58.521138,57.791558,85.9831,73.805191,4.000000
37.02732,43.495802,62.701725,23.09516,148.950232,26.867742,23.507959,141.183126,38.284266,60.356759,89.303856,84.51357,91.747594,54.150002,126.986672,4.000000
37.821344,42.905992,59.456829,23.719162,147.890417,26.979565,23.479021,142.149579,38.057604,64.571419,85.199151,88.118395,97.591797,49.596349,128.796986,4.000000
37.393445,43.403354,62.072673,23.236173,149.532043,28.003139,23.419568,143.047112,39.342169,61.24435,89.526754,85.100709,89.735327,57.969256,121.104063,4.000000
36.221812,43.497417,66.498118,23.294353,152.40957,27.667791,23.267891,144.596412,37.432071,61.194504,90.258042,80.518684,88.949254,59.86975,114.43885,4.000000
38.080808,45.639211,63.374306,25.23358,147.807037,29.135818,26.461832,139.875695,43.071176,65.565363,85.626331,95.702482,99.004381,48.124394,137.983278,4.000000
37.176011,46.247414,61.037779,24.922728,145.672528,28.277382,25.539738,139.250426,40.461761,64.636215,85.708734,87.36173,96.673705,49.745606,130.216176,4.000000
38.233362,46.277068,61.568926,24.60067,148.285839,27.905839,25.577215,140.050192,41.480558,65.162897,85.384188,90.463311,99.733328,48.640206,131.998006,4.000000
39.920274,47.62601,62.147784,26.11869,146.118709,28.898061,26.818231,139.709642,41.788857,67.226381,83.998922,89.092521,99.582886,50.247296,125.427183,4.000000
38.449192,46.859675,64.104077,25.184275,147.660829,28.079718,25.272265,141.00058,40.061672,64.772919,85.741517,87.519303,97.288052,50.480059,127.151466,4.000000
38.901407,45.394863,65.258443,25.489915,149.412542,28.686224,25.983666,140.845838,42.011029,64.180429,87.909966,91.515216,97.079245,51.606024,130.43408,4.000000
38.383887,45.455979,64.030515,24.001281,148.62481,28.051828,24.788129,141.246343,40.035791,64.622788,86.04705,87.271143,96.620846,50.861292,127.288197,4.000000
36.853631,47.303106,64.968645,24.61953,149.689483,26.929759,22.918205,144.936261,36.243616,65.058909,84.752694,83.962121,98.296014,50.644779,124.571831,4.000000
38.152194,45.062795,61.608095,25.438859,145.65553,29.44285,26.342644,139.144212,42.628796,64.868801,86.416115,92.64652,97.318424,52.116771,130.408567,4.000000
35.789581,44.726156,62.843748,23.912253,150.382408,29.126496,25.307102,141.196693,41.817259,63.220594,87.523608,90.899868,96.184109,51.706118,131.272759,4.000000
25.049301,38.723111,63.898039,18.153307,3.821034,1.61414,7.246999,9.526149,2.56592,2.515009,10.423824,3.649095,12.478225,3.226837,4.165947,5.000000
24.52457,37.846705,52.829303,18.801838,4.352049,2.657941,7.734104,7.397733,4.555024,3.551661,8.128801,5.546796,15.232739,2.061794,5.682391,5.000000
24.836232,35.920325,58.608317,17.671071,4.137739,1.398332,6.026095,9.582796,2.657247,5.246313,10.093048,3.289801,15.359578,2.889289,3.415445,5.000000
26.380779,37.420726,53.67657,17.823906,4.413048,2.71583,6.964663,6.439829,3.714014,4.77106,7.804964,4.766019,15.693525,1.479234,5.357597,5.000000
28.108533,37.937119,55.737031,18.397338,3.991123,2.865333,7.497873,5.113767,4.322173,4.885025,7.446042,4.654499,16.765921,1.543453,5.447392,5.000000
28.412334,38.270728,55.331868,18.760938,3.686984,2.435305,7.877441,5.708896,4.02329,4.957041,8.047208,4.334891,16.571224,2.072082,5.753915,5.000000
30.413282,39.152015,55.903462,18.185442,4.724486,2.514817,7.440461,5.28299,4.469119,4.456279,6.935293,4.516933,15.763227,0.675399,5.376249,5.000000
30.687098,38.575436,54.658996,18.055891,4.361994,2.12656,7.563063,4.847653,4.393191,4.58652,6.543673,4.695079,15.505729,0.612332,6.118698,5.000000
29.679234,40.260784,54.260342,19.070766,3.552029,2.261576,8.629868,3.76715,4.474245,4.296756,6.073484,5.72104,17.064963,0.47207,6.765426,5.000000
29.711699,40.752068,52.837304,18.71517,3.87644,1.653901,8.108379,4.916015,4.048271,4.363828,6.876687,5.076313,15.906852,0.568037,6.884588,5.000000
30.733462,38.997772,56.219889,18.807163,3.383513,1.578398,8.13758,4.815872,3.914394,4.504295,6.771737,4.104721,16.778202,1.457924,5.654285,5.000000
29.967401,38.198104,50.710409,18.924841,3.451063,2.026199,7.738569,4.83612,3.970462,5.326774,6.265026,4.036923,18.258468,0.928767,5.138137,5.000000
30.83938,40.462918,51.986406,18.320541,3.623032,2.292174,7.337003,4.961004,4.144307,5.121898,6.383981,4.083415,17.959086,0.393844,5.484125,5.000000
30.296614,40.606716,54.554542,18.23002,3.971696,1.990734,7.021233,4.901614,3.837359,5.29595,6.861405,3.620591,18.105498,1.593388,5.158365,5.000000
31.301565,39.548628,55.926227,18.010765,3.687977,2.453202,7.380011,4.252913,4.207231,5.013854,5.666272,4.142113,18.019199,0.245971,5.213239,5.000000
30.299218,38.969703,52.24818,17.796636,4.391959,2.94181,7.266269,4.442976,4.650344,5.382551,6.251073,4.300785,18.958338,1.213414,5.221164,5.000000
30.90889,38.556999,51.682237,18.242312,3.888775,2.425747,7.28985,4.167074,4.362239,5.493845,6.098348,4.210435,18.934,1.126502,5.304462,5.000000
31.831356,39.524974,52.277757,18.56216,3.277054,1.872927,7.134289,5.435608,3.89324,5.260324,7.386823,3.655443,18.428259,1.723741,4.927563,5.000000
30.256633,40.730145,56.880296,19.046085,3.938494,2.370468,8.022103,3.93177,4.34161,4.505565,5.053601,4.381613,17.838963,0.548596,5.853045,5.000000
30.618169,39.281555,51.66349,19.180545,4.014538,2.936499,8.201007,3.482642,4.9895,4.819888,5.330842,5.319872,18.772972,0.786524,6.738741,5.000000
30.191556,37.556018,57.254671,18.219098,4.293115,3.262318,7.478259,5.301966,3.694412,4.704711,6.614952,4.035195,15.650568,2.808003,6.272086,5.000000
30.816539,37.872273,59.393035,18.729316,4.251959,2.979467,7.703979,5.236865,3.957722,3.755829,6.464044,4.267732,14.786106,2.202513,6.930829,5.000000
31.009807,38.6076,55.712809,18.973788,4.268698,2.654879,7.652983,5.94245,3.38833,4.150974,7.383726,3.84454,15.776891,3.178213,6.372221,5.000000
30.576101,39.066545,56.18067,19.317452,3.905096,2.766078,7.962604,5.250066,4.03724,3.890324,6.701069,4.792689,15.047091,2.866742,6.940703,5.000000
30.334286,38.367024,55.736567,19.38385,4.354508,3.518668,8.519874,4.840734,4.379416,3.895438,6.270754,5.064137,15.315084,2.315699,7.433549,5.000000
30.323258,39.169795,56.800939,18.632501,4.285661,2.759041,7.799519,5.24888,3.424113,4.250651,6.351923,4.797577,15.335712,2.154952,6.785456,5.000000
29.34129,38.447423,55.26018,18.41775,4.739829,2.74195,7.052597,5.425185,3.148956,4.397177,5.951027,4.11536,15.60532,2.002073,6.143935,5.000000
31.106281,37.627525,57.170383,18.644497,4.342428,2.909014,7.158323,5.821023,3.422539,4.153934,6.419509,4.082136,15.559933,1.930948,5.831961,5.000000
31.207347,39.879777,55.556381,18.965672,4.147869,3.360775,7.740772,4.581195,3.510224,3.979903,5.924983,4.748573,15.707682,1.68123,6.455789,5.000000
29.96873,39.208898,57.970676,18.790646,4.540913,3.491004,7.480013,5.589426,3.791848,4.001208,6.629566,4.528685,15.520131,2.536432,6.471717,5.000000
31.15062,40.123322,56.714186,18.893248,4.366253,3.218423,7.512589,5.466885,3.541657,3.994762,6.523261,4.707911,15.564442,1.360726,6.156475,5.000000
30.329331,40.342931,56.935491,18.478486,4.477533,3.213005,7.665075,5.350487,3.727412,4.076143,5.879878,4.541426,15.172824,1.257382,6.356418,5.000000
30.005887,37.77198,57.744878,18.143805,4.910589,3.343937,7.102685,5.159423,3.496342,4.395987,5.522373,3.867338,16.051459,1.348313,5.384672,5.000000
30.57133,37.810374,56.888187,18.343944,4.370276,3.321724,6.969666,4.8616,3.288415,4.794338,5.612738,3.858864,16.831745,1.529182,5.426361,5.000000
30.390068,36.991986,56.796997,18.347748,4.393781,2.591028,7.451304,4.699825,3.839222,4.516999,5.760948,4.325777,15.925011,2.032684,6.203425,5.000000
20.587266,36.881152,80.328201,52.425027,134.424016,68.060547,63.254962,117.360271,86.152326,59.139225,125.536273,71.27507,48.619769,132.864731,61.513872,25.000000
20.397596,36.525885,78.707307,51.268714,135.514426,67.880209,62.201694,117.751333,86.420884,57.713491,126.37323,71.566886,49.208541,131.708188,61.635438,25.000000
19.728714,36.604781,81.424812,51.89923,134.850435,68.448924,62.829069,116.609763,87.157566,58.05962,126.099692,71.486091,46.706612,133.984824,61.09609,25.000000
20.551124,36.484441,78.079164,51.131251,136.127976,67.302119,61.422811,117.869741,86.569254,57.264216,126.250011,71.732452,45.440902,134.213179,61.309572,25.000000
20.261373,37.70382,83.011445,52.805988,132.349427,69.537093,63.136175,115.148822,87.449799,59.255683,125.314416,71.295643,49.651631,132.105972,61.805388,25.000000
21.071697,36.548763,79.859789,50.682798,136.767051,69.016787,61.686871,117.232818,89.349517,57.711725,125.227701,74.654224,46.406419,132.603188,64.636443,25.000000
20.85232,36.439368,80.254465,50.672191,135.739729,69.065704,62.380516,116.870727,88.653588,58.685803,125.112597,72.868982,46.862441,133.284252,62.770838,25.000000
20.120587,36.776187,80.189773,51.576169,135.390706,69.470399,61.964501,117.201916,89.10456,57.601519,126.226051,74.056227,46.511934,133.478931,64.005448,25.000000
21.071714,37.728026,83.129329,53.895597,133.259628,70.643102,63.856338,115.895954,88.48188,59.645144,124.835511,72.944722,47.340881,133.2763,63.746784,25.000000
20.486283,37.307786,81.408066,52.638663,133.274856,69.753248,63.418031,115.74348,87.729415,59.918434,124.395132,72.605061,50.166232,130.826521,63.261485,25.000000
20.68198,36.296019,78.41894,51.547103,136.195198,68.773155,61.641673,118.095246,87.90682,57.619337,125.348393,75.222117,48.370786,131.053767,65.068409,25.000000
19.964179,36.450926,81.354843,50.982038,135.993762,71.607873,62.274964,115.711018,94.793661,58.759681,123.831271,80.121692,48.571475,129.377318,71.095666,25.000000
20.513618,37.176186,81.519745,52.363689,134.480586,69.607318,62.798776,116.487841,87.810723,59.358283,124.523542,73.860269,49.533772,131.33652,64.319353,25.000000
20.193894,36.700146,82.025953,53.011158,133.393956,71.717518,63.625517,116.000168,92.436239,60.166236,123.560927,77.719054,49.894338,129.868776,68.161582,25.000000
20.842369,37.101505,81.865911,53.732801,133.102275,71.989569,64.836839,115.0268,91.884916,60.964825,123.006384,77.131263,49.824666,129.464837,67.454466,25.000000
21.114301,36.714827,80.256345,53.125327,133.371473,70.906994,64.306548,115.606599,90.469437,60.615681,123.295409,76.102266,50.286677,129.001759,66.329073,25.000000
20.132614,35.908886,79.598213,50.936704,135.514461,69.876672,62.028886,115.6914,90.182586,58.544333,123.919173,75.938702,48.650999,129.940541,65.926259,25.000000
20.571143,36.931491,81.942677,52.911025,131.037922,69.98767,62.849782,115.551043,87.008817,59.650656,123.518201,73.772112,50.584715,129.104639,64.945993,25.000000
19.649616,35.857201,80.914708,52.920049,132.49801,71.564939,62.87162,115.715214,90.330362,58.684966,124.587649,75.192939,48.370944,130.778786,65.91932,25.000000
20.959797,36.560102,81.128637,53.474849,134.823116,70.959393,63.88469,117.14542,89.371785,59.646817,124.562618,75.993897,49.276572,130.190905,67.243454,25.000000
20.590359,36.525935,80.411765,53.862701,132.924529,72.485561,64.715919,115.156611,92.00787,61.08274,122.950675,77.414189,50.563293,129.092443,67.507711,25.000000
20.786026,35.546254,76.417124,52.982085,131.481306,68.328363,62.756511,115.855384,85.545549,59.921264,123.045125,73.471394,51.871963,128.58315,63.633465,25.000000
20.776643,36.214807,80.496817,53.662321,132.391731,71.152469,64.681511,115.717708,89.366499,60.432402,123.958143,74.535849,49.352523,130.995001,64.514949,25.000000
20.101505,35.905387,77.157116,52.355293,131.869365,69.485577,61.599853,117.030494,86.881335,57.942295,125.164221,72.870691,47.867996,132.162703,62.484786,25.000000
20.365354,36.834728,81.978903,52.963377,132.230125,72.35409,64.040728,114.287946,93.272787,60.20165,122.991016,77.178869,47.959678,130.509475,66.994665,25.000000
20.63233,36.560116,79.809531,54.81139,130.608036,72.166613,64.923458,114.625208,89.264175,60.633678,124.075186,73.299619,49.421955,130.848065,63.702354,25.000000
20.42027,36.080491,79.265333,54.585902,129.900132,72.164098,64.187973,115.407687,88.64915,59.775621,124.165909,73.730983,47.52539,131.788369,63.583112,25.000000
20.928789,35.966874,80.845372,52.342847,134.034001,70.42941,64.030698,114.90311,90.648958,59.993387,123.924146,75.468855,47.707059,130.763206,65.159092,25.000000
20.680674,37.009193,82.952623,53.849948,133.580294,72.034618,64.085115,114.778497,91.505499,59.959641,123.61924,77.044979,49.193541,129.85171,68.12644,25.000000
20.438615,37.140176,82.38418,54.069154,132.179222,70.122406,63.541252,115.996234,86.880041,60.177313,123.564583,74.411479,51.772445,129.386359,65.96629,25.000000
19.887732,36.127171,82.749211,54.083342,131.350661,72.337322,64.525634,113.983881,90.386691,60.789125,123.204902,75.574637,49.918847,129.472906,66.312299,25.000000
20.226582,36.711997,82.243266,53.566953,132.699325,72.55896,64.458141,114.238854,93.421166,61.062473,122.660815,78.739617,50.056782,128.795424,69.019651,25.000000
20.667213,36.34587,79.949353,51.853265,135.573761,70.552698,63.049687,116.155688,91.696081,59.693573,124.138161,77.746241,49.067043,129.249497,67.829874,25.000000
19.966676,35.876637,78.802413,53.205025,132.152483,71.646066,64.131193,115.402395,92.262019,60.091948,123.085338,78.10238,49.670564,129.452574,67.746945,25.000000



